xmax = 15
xshift = -7.5
[-1, -2, -4, 1] [1, -3, -5, -6]
[-1, -2, -3, -5, -6, 1] [1, -4, -7, -8]
[-1, -2, -3, -4, -6, -7, -8, 1] [1, -5, -9, -10]
[[-2.  0.  0.  0.  0.  0.  0.  0.  1.  0.  0.  0.  0.  0.  0.  1.]
 [ 0. -2.  0.  0.  0.  0.  0.  0.  0.  1.  0.  0.  0.  0.  1.  0.]
 [ 0.  0. -2.  0.  0.  0.  0.  0.  0.  0.  1.  0.  1.  0.  0.  0.]
 [ 0.  0.  0. -2.  0.  0.  0.  0.  0.  0.  0.  1.  0.  1.  0.  0.]
 [ 0.  0.  0.  0. -2.  0.  0.  0.  1.  0.  0.  0.  1.  0.  0.  0.]
 [ 0.  0.  0.  0.  0. -2.  0.  0.  0.  1.  0.  0.  0.  1.  0.  0.]
 [ 0.  0.  0.  0.  0.  0. -2.  0.  0.  0.  1.  0.  0.  0.  1.  0.]
 [ 0.  0.  0.  0.  0.  0.  0. -2.  0.  0.  0.  1.  0.  0.  0.  1.]
 [ 1.  0.  0.  0.  1.  0.  0.  0. -2.  0.  0.  0.  0.  0.  0.  0.]
 [ 0.  1.  0.  0.  0.  1.  0.  0.  0. -2.  0.  0.  0.  0.  0.  0.]
 [ 0.  0.  1.  0.  0.  0.  1.  0.  0.  0. -2.  0.  0.  0.  0.  0.]
 [ 0.  0.  0.  1.  0.  0.  0.  1.  0.  0.  0. -2.  0.  0.  0.  0.]
 [ 0.  0.  1.  0.  1.  0.  0.  0.  0.  0.  0.  0. -2.  0.  0.  0.]
 [ 0.  0.  0.  1.  0.  1.  0.  0.  0.  0.  0.  0.  0. -2.  0.  0.]
 [ 0.  1.  0.  0.  0.  0.  1.  0.  0.  0.  0.  0.  0.  0. -2.  0.]
 [ 1.  0.  0.  0.  0.  0.  0.  1.  0.  0.  0.  0.  0.  0.  0. -2.]]

[[56.25  0.    0.    0.    0.    0.    0.    0.    0.    0.    0.    0.   0.    0.    0.    0.  ]
 [ 0.    0.25  0.    0.    0.    0.    0.    0.    0.    0.    0.    0.   0.    0.    0.    0.  ]
 [ 0.    0.   12.25  0.    0.    0.    0.    0.    0.    0.    0.    0.   0.    0.    0.    0.  ]
 [ 0.    0.    0.   20.25  0.    0.    0.    0.    0.    0.    0.    0.   0.    0.    0.    0.  ]
 [ 0.    0.    0.    0.   30.25  0.    0.    0.    0.    0.    0.    0.   0.    0.    0.    0.  ]
 [ 0.    0.    0.    0.    0.    6.25  0.    0.    0.    0.    0.    0.   0.    0.    0.    0.  ]
 [ 0.    0.    0.    0.    0.    0.    2.25  0.    0.    0.    0.    0.   0.    0.    0.    0.  ]
 [ 0.    0.    0.    0.    0.    0.    0.   42.25  0.    0.    0.    0.   0.    0.    0.    0.  ]
 [ 0.    0.    0.    0.    0.    0.    0.    0.   42.25  0.    0.    0.   0.    0.    0.    0.  ]
 [ 0.    0.    0.    0.    0.    0.    0.    0.    0.    2.25  0.    0.   0.    0.    0.    0.  ]
 [ 0.    0.    0.    0.    0.    0.    0.    0.    0.    0.    6.25  0.   0.    0.    0.    0.  ]
 [ 0.    0.    0.    0.    0.    0.    0.    0.    0.    0.    0.   30.25   0.    0.    0.    0.  ]
 [ 0.    0.    0.    0.    0.    0.    0.    0.    0.    0.    0.    0.  20.25  0.    0.    0.  ]
 [ 0.    0.    0.    0.    0.    0.    0.    0.    0.    0.    0.    0.   0.   12.25  0.    0.  ]
 [ 0.    0.    0.    0.    0.    0.    0.    0.    0.    0.    0.    0.   0.    0.    0.25  0.  ]
 [ 0.    0.    0.    0.    0.    0.    0.    0.    0.    0.    0.    0.   0.    0.    0.   56.25]]

0000    0001   0010 0011  0100  0101 0110  0111  1000  1001  1010   1011 1100 1101  1110  1111
[[58.25  0.    0.    0.    0.    0.    0.    0.   -1.    0.    0.    0.   0.    0.    0.   -1.  ]   0000
 [ 0.    2.25  0.    0.    0.    0.    0.    0.    0.   -1.    0.    0.   0.    0.   -1.    0.  ]   0001
 [ 0.    0.   14.25  0.    0.    0.    0.    0.    0.    0.   -1.    0.  -1.    0.    0.    0.  ]   0010
 [ 0.    0.    0.   22.25  0.    0.    0.    0.    0.    0.    0.   -1.   0.   -1.    0.    0.  ]   0011
 [ 0.    0.    0.    0.   32.25  0.    0.    0.   -1.    0.    0.    0.  -1.    0.    0.    0.  ]   0100
 [ 0.    0.    0.    0.    0.    8.25  0.    0.    0.   -1.    0.    0.   0.   -1.    0.    0.  ]   0101
 [ 0.    0.    0.    0.    0.    0.    4.25  0.    0.    0.   -1.    0.   0.    0.   -1.    0.  ]   0110
 [ 0.    0.    0.    0.    0.    0.    0.   44.25  0.    0.    0.   -1.   0.    0.    0.   -1.  ]   0111
 [-1.    0.    0.    0.   -1.    0.    0.    0.   44.25  0.    0.    0.   0.    0.    0.    0.  ]   1000
 [ 0.   -1.    0.    0.    0.   -1.    0.    0.    0.    4.25  0.    0.   0.    0.    0.    0.  ]   1001
 [ 0.    0.   -1.    0.    0.    0.   -1.    0.    0.    0.    8.25  0.   0.    0.    0.    0.  ]   1010
 [ 0.    0.    0.   -1.    0.    0.    0.   -1.    0.    0.    0.   32.25   0.    0.    0.    0.  ] 1011
 [ 0.    0.   -1.    0.   -1.    0.    0.    0.    0.    0.    0.    0.  22.25  0.    0.    0.  ]   1100
 [ 0.    0.    0.   -1.    0.   -1.    0.    0.    0.    0.    0.    0.   0.   14.25  0.    0.  ]   1101
 [ 0.   -1.    0.    0.    0.    0.   -1.    0.    0.    0.    0.    0.   0.    0.    2.25  0.  ]   1110
 [-1.    0.    0.    0.    0.    0.    0.   -1.    0.    0.    0.    0.   0.    0.    0.   58.25]]  1111
